image: /home/ft/ft_robot_ws/map/ft_map.pgm
resolution: 0.050000
origin: [-17.800000, -26.400000, 0.000000]
negate: 0
occupied_thresh: 0.65
free_thresh: 0.196
