initial_pose_x: -24.850368
initial_pose_y: 64.824280
initial_pose_a: 0.101903

