initial_pose_x: -5.189978
initial_pose_y: -0.610860
initial_pose_a: -2.182160

